4.449744863118656468e+00 3.882006888386731358e+00 3.745703380448294872e+00 4.004618838650165991e+00 3.760710935121569509e+00
3.551998689601859827e+00 3.732502448193539824e+00 3.654274565040399825e+00 3.961046556561341525e+00 4.321928434540326158e+00
3.378753049815435450e+00 3.218073868379012215e+00 3.118009557292596323e+00 3.024470296956440762e+00 3.462012024755546591e+00
3.860836878524038784e+00 3.660536048077359883e+00 3.482791884747839184e+00 3.833378492051355835e+00 4.271011038056037101e+00
4.717098466843889781e+00 3.989911810213413901e+00 3.675391457642903870e+00 3.515336184718989010e+00 4.000227001341142063e+00
3.141523249397768502e+00 3.257170536695704666e+00 3.290136222406379041e+00 3.526111923929308833e+00 3.972326481763593709e+00
3.593069653705672994e+00 3.479798717198085090e+00 3.325747249762217805e+00 3.515935075028354451e+00 4.271027388224651666e+00
3.948152611629963005e+00 3.539668932494358877e+00 3.901925747238065512e+00 3.852201298630405280e+00 4.308700726044516927e+00
3.996728861304330138e+00 3.072457769800490457e+00 2.583929024944954911e+00 3.279996245908944452e+00 3.683700435922034000e+00
3.646109539849103687e+00 2.651139659469791798e+00 3.146284238597668814e+00 3.516132265191345141e+00 2.952152920995658736e+00
4.878711353147861196e+00 4.242289281836567838e+00 4.380403121114619935e+00 4.080091500731303000e+00 4.606349165013407188e+00
3.880588372342104186e+00 3.513335122708114433e+00 3.863127349220660811e+00 3.077428591542261671e+00 3.650043582034727230e+00
3.950168799059308622e+00 3.540050371939448048e+00 3.762223069133257436e+00 3.188344751507100838e+00 3.934789033055154484e+00
3.926183115191360873e+00 3.446583781591278317e+00 3.615776267558201695e+00 3.712631118733348057e+00 3.931808052905658268e+00
3.923935939054203015e+00 3.680261061488451890e+00 3.525283046834696066e+00 3.724258129929141514e+00 3.897738716084203414e+00
3.845331930561966427e+00 3.710321533627158441e+00 3.768487098059541740e+00 3.914317626544873807e+00 4.106406786557085020e+00
4.316916249958606677e+00 3.984988612355843784e+00 4.154683203657441481e+00 4.259529585062828083e+00 4.434107974568505028e+00
4.090203691143365461e+00 3.607025685444822383e+00 3.969457245178171334e+00 4.276051535710768015e+00 3.814385583165773586e+00
4.273301769460275068e+00 3.961606059282015035e+00 4.014191200068153442e+00 4.182149470942276182e+00 4.426334783684827023e+00
3.961110136049816877e+00 3.303538125122717162e+00 3.820926106661447275e+00 3.548233545898182406e+00 3.887374668769246977e+00
4.190165427417912092e+00 4.276083765150560545e+00 4.248017542809542135e+00 4.310354545308800134e+00 4.393310148020042050e+00
3.982144338832957597e+00 3.474114993482167790e+00 3.711012337634696401e+00 3.574120942420022651e+00 4.500549287846046020e+00
3.724232301367569775e+00 4.026961879648173870e+00 3.815238977981577406e+00 3.909250275725187240e+00 4.230922691142748882e+00
3.997307615374761536e+00 3.699237096891479837e+00 3.410484497713840213e+00 3.859998630693941113e+00 2.508985335551587426e+00
4.338364877799138597e+00 4.200402870814281542e+00 4.064737950193593186e+00 4.187214627345589690e+00 3.207852859880916174e+00
4.205078333465481322e+00 4.033073573045617088e+00 4.187366286793395176e+00 4.381729091768643336e+00 4.731260778304171133e+00
4.643371904176873066e+00 4.142880562496416452e+00 4.201945689202663203e+00 4.388191150439731736e+00 4.888986447969663196e+00
3.334701085843436719e+00 3.901618420228937900e+00 3.920867976899508722e+00 4.187147044395049811e+00 4.549469372024988800e+00
3.887923892981309582e+00 3.567800727638291480e+00 3.467870747837094481e+00 3.577999594298433284e+00 4.178291506395988897e+00
3.839432526533961276e+00 3.311130949458077399e+00 3.482438999583714168e+00 3.530452120040668440e+00 3.813711946100584171e+00
4.158523412424095511e+00 3.438355215345913596e+00 3.305304255590310269e+00 3.147236818627661581e+00 3.803670530250936821e+00
3.990233979005009424e+00 3.642139383006183451e+00 3.845154058950231768e+00 3.912529941193336303e+00 4.552760337667240975e+00
3.698370933909826519e+00 3.492141253320110827e+00 3.343888983730051390e+00 3.567187951271286295e+00 4.318558951135164747e+00
3.894542346921761489e+00 3.089604113633896532e+00 3.545356099900627278e+00 4.122648658082423978e+00 3.899094816241676309e+00
2.783727821692540516e+00 3.562279888115405413e+00 3.659648777449765245e+00 2.832460201430419655e+00 3.251549005194395381e+00
3.432762840806449667e+00 3.330361484407332373e+00 3.050998217927200162e+00 3.181602867716417649e+00 3.934586497127435134e+00
4.329876245266867762e+00 4.241492628537113951e+00 4.076343501627948562e+00 4.082972102339936349e+00 4.215008385950159919e+00
4.035744843503209722e+00 3.503623484492594198e+00 3.681608150406027402e+00 3.611564815758324887e+00 4.066594232705758039e+00
3.785357359004601463e+00 3.512974358429424626e+00 3.566545354597906670e+00 3.606265281849978521e+00 3.981141482244461738e+00
3.770801427792728422e+00 3.364339944945277772e+00 2.933774677522746455e+00 3.616176035664791844e+00 3.929427585447636595e+00
4.183974937447403342e+00 2.971710889262251243e+00 3.211813602156785130e+00 3.343667422930387545e+00 3.644493874308389003e+00
4.339064511752550146e+00 4.028842010920461902e+00 4.074863583346863827e+00 4.156475072386434988e+00 4.500302651595208481e+00
4.054172544271044565e+00 3.743785897274041652e+00 3.879610007495064128e+00 3.506863717496940591e+00 4.005788124388497629e+00
4.146805456272687707e+00 3.636875011458158280e+00 3.821741100938988112e+00 3.891641607431979288e+00 4.044786150945201442e+00
4.016906224226509892e+00 3.866177663193118619e+00 4.025126131984973377e+00 4.159175258001442721e+00 4.336837212661448504e+00
3.925451211338447877e+00 3.609227412890004150e+00 3.403462164176698224e+00 3.873187058754545387e+00 3.114894565811193505e+00
4.048353854873913527e+00 3.682929275083010268e+00 3.455677157533503241e+00 3.086386001031116155e+00 3.546572709444181903e+00
4.239229404913656296e+00 3.596306285654126356e+00 3.825400513290701632e+00 3.951629117461411322e+00 3.755187082898356010e+00
3.343597730755446751e+00 3.722595342810683938e+00 3.462643138407221599e+00 3.345355096427467423e+00 4.308438793903848207e+00
3.750173504158742954e+00 3.614672775337921529e+00 3.499407392798298488e+00 3.550753172058120466e+00 4.346704236500076313e+00
3.022578098480290354e+00 3.298949887422256477e+00 2.878608159908100372e+00 3.129274224987890651e+00 3.973957585469353404e+00
3.158243842418862357e+00 3.442581261855320207e+00 3.180684875166736258e+00 2.951959746433918674e+00 4.271865341176626529e+00
4.214919122354587877e+00 3.729547523235539952e+00 3.865479321606187124e+00 3.497993258708456121e+00 4.313503445909130818e+00
2.209960848606648653e+00 4.047175454015207841e+00 2.871987123117325957e+00 2.639077657041271507e+00 3.527435181525732766e+00
3.296568837061788493e+00 3.127702476514985008e+00 3.398695064517454512e+00 3.212698886925900776e+00 4.157029281528608067e+00
3.842391304879774427e+00 3.295655919444777648e+00 3.689909179175254739e+00 3.986064039741797682e+00 3.475302272611233256e+00
5.020276646220005468e+00 4.544133488634568785e+00 4.621760519184019422e+00 4.770808179206162514e+00 4.470138398629554644e+00
3.872214103203921010e+00 3.465519683634882053e+00 3.887732288152174753e+00 3.762432077491303595e+00 3.611504345481755252e+00
3.755095781566409663e+00 3.373996368419649006e+00 3.607948609550386543e+00 3.086208270224170214e+00 3.389253848683802417e+00
3.870322685052526523e+00 4.052716963916616066e+00 4.127194853402403218e+00 3.960842220422077453e+00 4.119027082627829017e+00
3.406915692027599807e+00 3.628520594019638779e+00 3.432427881576272988e+00 3.316843154499340418e+00 4.500109366126558541e+00
2.913063218822561584e+00 3.151456424820153757e+00 3.004794307452371083e+00 3.086418787219946225e+00 3.933697764012353382e+00
3.057520620630021835e+00 3.457022418405380382e+00 3.202759871718975138e+00 3.306098824703836758e+00 4.197385808253141448e+00
3.917417797597228191e+00 3.607839483667477865e+00 3.550335612303419097e+00 3.738159838317359984e+00 4.408045732866248123e+00
3.143902103814441684e+00 3.446648575953944693e+00 3.269888960102736775e+00 3.152502835323610419e+00 4.392120822444763206e+00
3.404497737178898920e+00 3.612739281179919271e+00 3.667796391091486363e+00 3.725956230508294720e+00 4.102321704192663177e+00
3.753957381430003792e+00 3.400789368541731861e+00 3.437840184518435205e+00 3.452140244059620944e+00 4.262019936225637018e+00
3.231927321340588133e+00 3.369599693724128375e+00 3.504739075860834330e+00 3.768014756747654737e+00 4.235041487783698599e+00
3.448771867019021276e+00 3.593569887582001687e+00 3.450626426562733329e+00 3.647035069365197835e+00 4.142466471734944200e+00
2.992024085457771321e+00 3.411945132386674739e+00 3.492546620217908515e+00 3.615074378446895942e+00 4.520179897110788936e+00
3.466270567315380191e+00 3.312795224293753726e+00 3.344270571427019778e+00 3.349302988402694581e+00 3.937055500281151144e+00
3.208921530388147314e+00 2.506819821397197945e+00 3.006258148398083474e+00 3.370401610187099717e+00 3.919961862192257396e+00
3.214661421111068673e+00 2.965720123106218686e+00 3.078094341796977051e+00 3.183203344670938684e+00 4.307345191495310033e+00
3.629805868194575069e+00 3.501947287778521822e+00 3.419591068073013496e+00 3.312835265545436059e+00 4.415345086307831401e+00
2.767288886009066751e+00 3.180418493758473186e+00 2.927387650115419682e+00 3.248832309478576708e+00 4.403657685330594873e+00
3.219057626613228251e+00 3.366082250981516033e+00 3.454364711065471383e+00 3.216858967730769958e+00 4.320750428313213654e+00
3.150247705887382121e+00 2.777481159532368071e+00 3.093660953937177105e+00 2.765909061170841010e+00 3.812567559236453629e+00
3.112361628202726660e+00 3.410172931424466203e+00 2.919706404314128534e+00 3.134391354488608616e+00 4.096998415349958123e+00
3.062514672079364786e+00 3.156639636413170358e+00 3.167526221394163510e+00 2.794291734994486465e+00 4.141384372686736981e+00
3.283975700684056420e+00 2.859635926522489768e+00 3.176546273128221021e+00 2.915578544169248776e+00 4.283257554594241512e+00
3.316353907682737301e+00 3.503167857373128413e+00 3.244003658106293653e+00 3.070400805017277079e+00 4.302767282201240384e+00
3.736395382558384437e+00 3.065979417085961778e+00 2.376697988480863444e+00 2.630015461725905723e+00 4.139716373999214660e+00
3.542643364253712512e+00 3.408448905244062299e+00 3.342664678374309695e+00 3.064072229466821451e+00 4.534038157504160615e+00
3.618867363325975361e+00 3.314421621829519715e+00 3.212741493061136655e+00 3.013033024875483967e+00 3.859771434771424037e+00
3.356425720285378222e+00 3.272298799046968742e+00 3.197540637716113743e+00 3.021540713948466461e+00 4.412650686056924343e+00
3.457882409449251515e+00 3.057947880596314505e+00 3.423326554530335741e+00 3.282263537298560685e+00 4.249802459813071920e+00
3.092369699536563044e+00 3.541301893161212799e+00 3.139241838748826563e+00 3.329573756109596605e+00 4.459475788721143807e+00
3.825760966536401408e+00 3.962660673430742353e+00 3.859043006767942430e+00 3.994421003607908638e+00 4.592524240130845037e+00
3.856526205338390856e+00 3.494118648356988377e+00 3.720263571792852719e+00 3.834999119924675348e+00 4.194229284118236478e+00
4.081007604568356761e+00 3.775558219255116033e+00 3.693227443637661533e+00 3.937642846474960212e+00 4.569856584525525456e+00
4.219922896537292800e+00 3.933404582358007939e+00 4.067222453470981769e+00 4.185361350372316380e+00 3.571115810318512995e+00
4.162870873367286784e+00 3.924345839128889679e+00 3.877038941555119411e+00 3.767606225371671780e+00 3.039508102526383926e+00
4.239415890216875482e+00 3.488603301850104366e+00 3.555211147644071534e+00 3.629296751876997185e+00 4.027227885821921483e+00
3.998572172545226344e+00 3.706557947457336688e+00 3.090417477257336287e+00 3.452753023179512049e+00 3.759819024897440798e+00
3.624318648120441466e+00 3.379343244006002944e+00 3.054881902426757279e+00 3.260126671989549862e+00 3.435921770845758783e+00
4.269187856124965208e+00 3.523202617580049711e+00 3.594250379108669069e+00 3.736347377042543272e+00 3.921572436030228204e+00
3.521827712955568845e+00 3.808970908853660742e+00 3.617248710791295174e+00 3.963762570997808155e+00 3.609370299674489413e+00
4.175733948231205694e+00 3.734140588102267344e+00 3.427056135286448590e+00 3.650958277827129894e+00 3.853672888389295892e+00
3.595736306094028834e+00 3.442803109604988698e+00 3.183907565764787950e+00 3.418737876403185272e+00 3.720675887380281655e+00
3.822760254802298530e+00 3.366825400650967470e+00 3.511779140056942694e+00 3.674593658264304619e+00 3.186991113978319579e+00
4.182123075755749930e+00 3.970626955324973562e+00 4.058720640541511493e+00 4.076544909367162184e+00 4.161748601277468929e+00
3.908011932531674226e+00 3.560330405231946216e+00 3.868221293417994477e+00 3.738520009627819274e+00 3.197078089472487061e+00
4.154888163069994533e+00 3.218004587675576733e+00 3.561837687272644271e+00 3.721149474912332167e+00 3.339408420969336433e+00
4.552950716262878395e+00 3.969110098280260068e+00 4.184427103216012966e+00 3.986303024847004828e+00 3.594155495078801721e+00
3.798215144825234812e+00 3.568430757901460471e+00 3.541187137241947003e+00 3.693199428150609087e+00 3.056116824825711120e+00
4.182447581669718417e+00 4.103954227714372571e+00 4.012475888515903755e+00 4.104904323858203696e+00 3.882786516181223391e+00
3.317390167752773067e+00 3.667954687670813119e+00 3.504520364386143783e+00 3.395490985832513520e+00 4.515456881740646189e+00
2.746662421331464987e+00 3.485610613529126489e+00 2.887590365041549756e+00 3.103935167616077351e+00 3.933263587027524544e+00
4.158632948732281953e+00 3.908857850523281829e+00 3.935517420577431924e+00 4.089266998796535546e+00 4.258781407597821200e+00
3.983692587871962232e+00 3.805538455180115243e+00 3.894515764778438083e+00 4.017227761606211978e+00 4.389908457826303234e+00
4.341818595258493119e+00 4.233894554821312717e+00 4.411716425807691522e+00 4.603688983694140369e+00 4.921967902204647416e+00
4.874765128485928578e+00 4.563039449257371594e+00 4.436099817135329637e+00 4.560053707298721726e+00 4.704994103024231045e+00
3.703531734943323883e+00 3.157062827777318503e+00 3.289123334853261582e+00 3.318000184125080132e+00 4.216971174318725701e+00
3.237367907196514683e+00 3.385920809030846357e+00 3.268961511579703494e+00 3.302014613817563227e+00 4.122750367386343484e+00
2.666841911864110237e+00 3.291729125891803331e+00 3.141273233455034397e+00 3.197506290979593491e+00 3.706615327014735062e+00
4.945943570621345486e+00 4.088076070994458355e+00 4.469632359191396453e+00 3.651397779095046481e+00 4.122132444903363613e+00
4.134271776066941406e+00 3.609795592341058956e+00 3.788842210982505510e+00 3.856223594090486984e+00 4.164912290825160568e+00
4.435945250948308605e+00 3.840047519366299067e+00 3.949802382783540899e+00 4.022288241490523220e+00 4.109932430373852696e+00
4.327623064694650523e+00 4.221529891574554938e+00 4.455144349992593789e+00 4.036036056269189487e+00 3.131137939555424854e+00
3.934560654362127874e+00 3.504869995002158678e+00 3.581330180589291423e+00 3.815092430505953480e+00 3.383339279976659508e+00
3.627035995156840720e+00 2.428555649780999026e+00 2.725213620416639948e+00 2.984161487767791776e+00 3.524310474855467223e+00
3.158241314694268276e+00 2.860830268587656988e+00 2.999373339838909747e+00 2.858816902429709650e+00 3.927630985639661176e+00
3.931704429444392801e+00 3.497696375478457576e+00 3.397432362838744613e+00 3.067754990461917686e+00 4.458663393822775767e+00
3.539000225643428088e+00 3.387679597267247988e+00 3.296165850182411816e+00 3.457212205844868436e+00 3.701976793130156818e+00
3.811025697326265060e+00 3.297866462826628986e+00 3.435840289349209709e+00 3.132073644986018479e+00 4.064317357623521865e+00
3.153639454134400388e+00 2.859184029315825715e+00 2.788997884501341673e+00 2.940632408354273419e+00 3.779002734809502329e+00
3.368967537725980677e+00 3.036739613308598429e+00 3.307010249170089011e+00 3.089110876047455267e+00 3.680849037335509610e+00
4.021211416211584400e+00 3.697192033103061881e+00 3.816572605800451434e+00 3.996156607557034057e+00 3.494363382777400773e+00
2.221351171341480413e+00 2.487797712257677318e+00 2.756620488956904591e+00 2.475589306684275126e+00 3.614729722338496654e+00
2.434703951074424833e+00 2.658851068366836046e+00 2.754139534464877137e+00 2.812796795943178552e+00 3.299341649360201245e+00
3.581616367710248383e+00 3.282717588858848679e+00 3.436373851799247259e+00 3.462536889739682433e+00 4.010357579419540741e+00
3.928197076346298999e+00 3.301893071164826221e+00 3.457459221717450237e+00 3.609522989646490210e+00 3.968011358985334081e+00
3.685311564359753156e+00 2.818185890907092261e+00 3.256184014267663240e+00 2.923388708090192800e+00 3.456586245251668466e+00
3.726241456606807834e+00 3.044569140606584678e+00 3.284696244716521552e+00 3.594124290328817306e+00 3.660946004462343861e+00
3.794386657552673014e+00 3.197535626890352756e+00 3.296273566087947415e+00 2.973000503698186581e+00 3.987225599186245972e+00
3.472867233640896778e+00 2.850849849207108377e+00 3.136010721055176198e+00 3.213664015547766706e+00 3.536781678729614686e+00
3.377706141984434751e+00 2.807554461851816008e+00 3.077995469135866191e+00 3.198056479571100397e+00 3.520319675327870712e+00
4.176317513907923384e+00 4.013381541226520355e+00 4.107932347684493557e+00 4.253053142977019974e+00 4.137802018536988591e+00
3.602215458471311749e+00 3.208975933489174981e+00 3.107826619918923505e+00 3.376066552101092633e+00 3.065710488059026684e+00
2.147287157703037686e+00 2.971927284593673502e+00 2.243793218254410249e+00 2.629644922654125416e+00 3.218573920334961258e+00
4.562760583209342968e+00 3.788769731165096744e+00 3.480477171363956401e+00 3.232355309187109338e+00 3.691222570616263798e+00
4.259808025113962948e+00 3.919817071862329527e+00 3.895940324649417530e+00 4.070498563102852962e+00 3.775220100808583279e+00
4.059016604228181890e+00 3.835704318571866001e+00 3.673045809636983350e+00 3.892214535575433398e+00 3.615310950693479963e+00
3.714281751656554498e+00 3.500632581692154854e+00 3.668154813731674402e+00 3.409878786065459799e+00 4.572407539895719353e+00
4.186716254162596407e+00 4.051735546040475811e+00 3.990713625786898255e+00 4.197502363607478415e+00 4.499479663169882571e+00
3.814494091930297426e+00 3.662032184748007957e+00 3.478185023444241075e+00 3.586885890218250328e+00 4.087226808164706959e+00
4.208929217697058078e+00 3.845376897487279066e+00 3.947512634607013293e+00 4.111891092484643018e+00 4.572263529277072358e+00
4.093730587965280776e+00 3.939430867566489525e+00 3.737616550702279827e+00 3.878891113783756506e+00 4.324029018980332317e+00
4.073840975820096411e+00 3.968226707859343172e+00 3.870671653411480673e+00 3.984115776868022429e+00 4.373829583479378336e+00
3.448776890809265527e+00 3.856980012133223390e+00 3.622837915892199057e+00 3.942755609766996905e+00 4.352224019768204499e+00
4.788739536158169940e+00 4.627194541265873262e+00 4.464085698477136432e+00 4.281280543541358341e+00 4.040008369570951885e+00
3.232707136314096452e+00 3.617980443762953247e+00 3.649331360550492676e+00 3.766675914403455838e+00 4.044963157543882026e+00
4.295109009709440429e+00 3.973297335818929632e+00 4.084437201862797906e+00 4.220839528002551688e+00 4.430221379126665582e+00
4.179220294831836213e+00 3.992004248275747180e+00 4.081065965864388190e+00 4.207400872127244895e+00 4.149775309907228760e+00
4.008586757183800309e+00 3.838105054295797736e+00 3.882593709094959600e+00 4.000671769237117203e+00 4.381869020652841229e+00
3.425286687812665765e+00 2.829202155529462193e+00 3.107003095095521417e+00 3.205860247559433773e+00 3.528550677028742477e+00
4.168926621782059527e+00 3.950431049399514727e+00 3.963760834426589774e+00 4.085166482330461868e+00 4.205319196544097693e+00
3.645720293807749535e+00 3.485969985259098181e+00 3.334818116746134820e+00 3.541561513149820151e+00 4.294793169679907763e+00
4.140538616169815000e+00 3.623335301899608396e+00 3.805291655960746589e+00 3.873932600761233136e+00 4.104849220885181005e+00
4.317086760730995287e+00 4.001069673369695323e+00 4.079650392604831310e+00 4.188657300194493338e+00 4.465262015360936587e+00
3.567368265868728461e+00 3.415241353436118565e+00 3.240036707973599661e+00 3.437975041124026632e+00 3.711326340255219236e+00
3.362152929890186215e+00 3.648237640845225727e+00 3.468474122981208385e+00 3.356167070165926969e+00 4.507783123933602809e+00
4.251901507446795847e+00 4.026402609705085567e+00 4.035182009195864339e+00 4.193079831900986321e+00 4.482370839265409579e+00
3.851208992455803504e+00 3.614916456193149941e+00 3.473027885640667556e+00 3.582442742258341806e+00 4.132759157280347928e+00
3.181479865213835190e+00 3.406365413467730363e+00 3.362126835584104079e+00 3.184680901527189967e+00 4.356435625378988874e+00
4.254301873170920345e+00 3.505902959715077039e+00 3.574730763376370302e+00 3.682822064459770228e+00 3.974400160926074843e+00
3.266968372129151810e+00 3.182535191855749623e+00 3.392307936774150434e+00 3.261225004107722203e+00 4.139889824457475775e+00
3.500387790205562677e+00 3.794741230163381829e+00 3.638556240466299663e+00 3.951901083164169215e+00 4.337076227154264885e+00
4.012746490705154656e+00 3.862292142194625022e+00 4.012898950611045734e+00 4.079923513619279518e+00 4.359353116657144867e+00
3.818283175730202483e+00 3.563945407311287283e+00 3.493001122035046091e+00 3.585084459568742332e+00 4.056950319762404611e+00
3.904494745077000672e+00 3.560998955106519759e+00 3.686523712272857356e+00 3.862501845973275394e+00 4.289855882050277458e+00
4.053238539335217716e+00 3.900861504880557273e+00 3.799954346448452647e+00 3.990571192671360734e+00 4.341691067818738148e+00
3.927190095768829714e+00 3.374238426378052047e+00 3.536617744637825744e+00 3.661077054189918911e+00 3.949909705945496174e+00
3.318602436746497908e+00 3.615359862471436259e+00 3.658563875820989519e+00 3.746316072455875279e+00 4.073642430868272157e+00
3.697946898983246022e+00 3.550321380298509855e+00 3.417112754772216654e+00 3.546157342603970086e+00 4.320748703089991594e+00
3.725952140206624907e+00 3.475555374420120636e+00 3.427476469645325707e+00 3.499148793331795737e+00 4.291384319657813862e+00
3.248916886448286245e+00 3.454766635420429388e+00 3.303065246845198644e+00 3.127540853272233523e+00 4.329601453790115073e+00
3.383687151882759814e+00 3.604464875026718751e+00 3.532993144517084794e+00 3.683971672547354359e+00 4.108054451301608623e+00
3.067469863341508507e+00 3.354561409423361340e+00 2.899157282111114675e+00 3.131832789738249634e+00 4.035478000409655763e+00
3.155940384414334332e+00 2.836337394134941015e+00 2.900731338470965426e+00 2.932940883540964272e+00 3.853316860224581752e+00
3.153094045150858449e+00 2.806909276833654765e+00 2.997196146204071265e+00 2.849424972355902419e+00 3.832942209730517469e+00
4.035620791786683093e+00 3.708848801130649520e+00 3.769190751293946651e+00 3.925086393834148257e+00 4.561308461096382771e+00
3.910956271337114210e+00 3.584419219386998812e+00 3.618429662288138005e+00 3.800330842145317689e+00 4.348950807458262346e+00
3.883311311151395273e+00 3.342684687918064945e+00 3.509528372110770178e+00 3.595764587115293676e+00 3.881810826023039951e+00
4.111082580558639066e+00 3.925646277140035778e+00 3.881857590437521210e+00 4.037868837500910857e+00 4.273505132181417920e+00
4.227483818120873593e+00 4.093713041093293370e+00 3.961282456401834740e+00 4.060420469920423159e+00 4.244256759065788920e+00
3.850797243440799100e+00 3.453315047614676114e+00 3.501264747072908357e+00 3.590424523342018226e+00 3.969380572892722281e+00
3.302671303366832234e+00 3.405596177852904027e+00 3.257634894536093562e+00 3.074540783610349770e+00 4.371126069923519708e+00
3.523943467512814287e+00 3.297756406576301202e+00 3.390322211613133518e+00 3.405919939071188729e+00 3.973706539850345720e+00
4.246765639042288321e+00 3.558980002915190788e+00 3.639564175056948514e+00 3.754111288875235708e+00 3.893738787095280873e+00
3.362425390789201884e+00 3.120241536226032064e+00 3.407817245652243088e+00 3.271744270703141666e+00 4.194846142135274292e+00
3.356897624002979086e+00 3.188938215381062591e+00 3.332726070094168325e+00 3.173142527156745718e+00 4.282986106029397000e+00
3.883741238337752755e+00 3.539268933871993816e+00 3.669346617040495140e+00 3.817664981034996519e+00 4.271590045788249412e+00
3.201118820004687837e+00 3.394874244249774353e+00 3.267742970906571731e+00 3.239620675930291238e+00 4.240185957141269668e+00
3.921286293446900828e+00 3.548843526941132254e+00 3.841656861961974201e+00 3.776806220066886155e+00 3.290208684724573285e+00
3.179681331211774875e+00 3.418727753052547058e+00 3.224213923036653995e+00 3.095790211182104734e+00 4.256025649158948099e+00
3.943271043472004411e+00 3.486067759726726223e+00 3.636016336874022592e+00 3.600994669550171778e+00 4.017987402799239938e+00
4.230415362571926963e+00 3.935889753596182317e+00 3.991347321901439038e+00 4.152485462192814225e+00 4.527317184271240968e+00
4.095018341257146588e+00 3.522523881320958505e+00 3.637790255965485553e+00 3.677552979212703743e+00 3.955863094947260628e+00
3.352875330322816261e+00 3.685416491827954832e+00 3.465558630694214770e+00 3.350761083296696974e+00 4.408110958918725508e+00
3.910485240731885526e+00 3.475185241795467839e+00 3.510836337326376899e+00 3.604830676169994863e+00 4.123623707302536801e+00
3.923368752392674352e+00 3.579035469915567980e+00 3.476152845558915239e+00 3.830550046927801766e+00 3.202551625267883395e+00
4.040114010219882701e+00 3.766448175837464163e+00 3.744809207718717392e+00 3.944185571566233506e+00 3.554837166735440590e+00
3.917210589893044492e+00 3.577723151641960087e+00 3.518059692080536482e+00 3.664544403049568189e+00 4.010681211693370329e+00
4.028874603031429302e+00 3.573039381874034692e+00 3.643939852474588292e+00 3.781256219923849304e+00 4.057765216289276111e+00
2.990266541082035268e+00 3.253008917121757548e+00 2.951975794781742657e+00 3.109125788479097707e+00 3.984587882211004572e+00
3.784782115964768323e+00 3.936146905105069926e+00 3.764682536556092529e+00 3.911783951135030524e+00 4.168664738849916951e+00
4.228949590346400278e+00 4.014801397344737843e+00 3.976314889151637111e+00 4.106452966056618692e+00 4.385786971668514944e+00
4.239865460825628318e+00 3.926610827110168955e+00 3.914672453503712735e+00 4.107694122315383112e+00 3.673167955563548137e+00
3.810487699813766671e+00 3.467628079276213970e+00 3.526483138649444626e+00 3.683896543207456631e+00 3.121553969402015127e+00
3.802706177439469037e+00 3.247701044858490871e+00 3.366056927718578784e+00 3.052537074342102308e+00 4.025771478404884363e+00
3.491340599258695665e+00 3.657611180011264729e+00 3.462365662181916548e+00 3.331798174421066516e+00 4.411728022613278455e+00
4.042497408676297255e+00 3.728310146688041726e+00 3.896989935093317037e+00 3.962058973545807383e+00 4.328688508728381734e+00
3.838983560669614103e+00 4.030565256151350084e+00 3.936313085778554210e+00 3.936313085778554210e+00 4.143845910738873428e+00
3.940740484672955901e+00 3.783646853678828137e+00 3.867986747881465348e+00 3.966312600313566250e+00 4.236267209733627581e+00
3.988180638229819497e+00 3.746247827404738828e+00 3.818588749587705777e+00 3.945699497073857032e+00 4.398787835415005176e+00
4.089173032823866016e+00 3.918334001470118899e+00 4.067932462245885006e+00 4.156600268344652349e+00 4.367484176247948824e+00
4.035658685828411585e+00 3.696224497476143345e+00 3.889472399940290703e+00 3.865360605382337500e+00 4.434016732046996978e+00
3.136025515374169181e+00 3.480014823106880151e+00 3.181727880892740501e+00 3.212681983645850892e+00 4.357750718940046397e+00
4.344805161972142393e+00 3.904308857748450379e+00 3.830187916976004026e+00 4.056156480482774995e+00 3.716939445342558823e+00
3.866928226103220290e+00 3.523331774595891197e+00 3.501317992104179933e+00 3.757223295067629198e+00 3.162052797334949261e+00
4.263626371820929961e+00 4.004131542731411031e+00 3.921331902745953890e+00 4.080530402170489346e+00 3.799862980761891329e+00
3.175343468242618705e+00 3.347338122108974190e+00 3.075180781931978746e+00 3.197942664158394788e+00 4.332547955217678215e+00
3.760107601145062262e+00 3.615325280942649933e+00 3.517702522027975398e+00 3.585664748939834556e+00 4.234746619451277283e+00
3.737194676400808380e+00 3.557978931317402171e+00 3.641740047337162167e+00 3.504415352344423695e+00 4.403577079673498318e+00
3.710786770382722199e+00 3.281061333344005071e+00 3.289399210389857942e+00 3.032785049608793138e+00 3.942771456588154422e+00
3.811012003834814976e+00 3.466215378373239453e+00 3.682585952309008093e+00 3.385000703442667902e+00 3.212504972080973520e+00
3.886426681114610204e+00 3.627101714396772536e+00 3.765606223638726213e+00 3.684887978863380376e+00 4.418796905860247648e+00
4.045752507290045763e+00 3.830087643721194812e+00 3.899339898342171651e+00 3.936127132828387776e+00 4.510595591977686780e+00
3.714719829586402788e+00 3.717276259373957004e+00 3.681540394119140025e+00 3.839812901239304299e+00 4.309325021639647701e+00
3.734824362403975417e+00 3.832786933887852854e+00 3.832786933887852854e+00 3.913984396261474430e+00 4.450924630885246813e+00
3.617606076304769047e+00 3.813764082025617341e+00 3.735671587177076258e+00 3.932942739712821822e+00 4.394000429019755849e+00
3.406377697123161852e+00 3.561172576082801911e+00 3.561172576082801911e+00 3.812598291415792318e+00 4.314520958401727668e+00
3.791055822677183773e+00 3.647656582092534627e+00 3.494114355684625473e+00 3.731778284621460884e+00 4.084096923395511780e+00
3.358993416248165609e+00 3.377893513676518467e+00 3.208922730153144443e+00 3.131007446812608119e+00 4.433293056360919415e+00
3.831634962940552391e+00 3.535763540470680866e+00 3.809755286386817819e+00 3.747105181056382239e+00 3.847800634438633516e+00
3.821323483387683684e+00 3.500989459421960159e+00 3.746170619347912734e+00 3.566052942249525071e+00 3.530152803259803740e+00
3.891216809718750280e+00 3.402263792272338883e+00 3.783548363004680226e+00 3.557143244073853516e+00 3.708763736014525136e+00
3.545655866690771596e+00 3.356498880006209884e+00 3.268896557274950432e+00 3.411405730602782516e+00 3.842516440052782478e+00
3.516370029558259169e+00 3.316523517124807086e+00 3.654830143466994308e+00 3.541627584001581397e+00 3.840545108889059200e+00
4.332993971246894560e+00 4.210966381194418240e+00 4.327773610403437665e+00 4.095996211269456566e+00 3.169495399718170514e+00
3.571774805594586155e+00 3.305711408875668944e+00 3.170198714158528830e+00 3.107193958662605393e+00 3.938678976857795000e+00
3.437681722903212389e+00 3.337758466686486347e+00 3.516361828571756387e+00 3.293852586989111320e+00 4.136919082624989308e+00
3.778812542985840572e+00 3.422311092091713469e+00 3.511612773034348489e+00 3.400358152243025955e+00 4.071353603506743468e+00
3.836677444953800808e+00 3.255957602862805000e+00 3.485775675059334056e+00 3.808354851703685373e+00 4.031032359276947474e+00
4.136311347951054707e+00 3.527260265762812708e+00 3.824201185534992220e+00 3.879078617243613358e+00 4.054417677047107205e+00
4.199968859885991890e+00 3.765695904247111869e+00 3.874870568508186341e+00 4.067474039608798719e+00 3.927140328904499267e+00
3.912143754003216678e+00 3.695007276183776668e+00 3.365011930667355600e+00 3.600808837546435548e+00 3.826351676966810889e+00
3.717602298959254981e+00 3.455333898679063598e+00 3.330135789316171824e+00 3.506107284074609254e+00 3.834434058509796905e+00
3.710567016951289432e+00 3.300506687103214265e+00 3.324067986720625978e+00 3.412053734099844693e+00 4.025702616414260859e+00
3.497271358817672926e+00 3.080071306812851795e+00 3.250307129924423499e+00 3.163816139134546734e+00 4.154480085504251186e+00
3.461279023315169567e+00 2.954636731171157216e+00 3.178655112509972458e+00 3.184838193346990032e+00 3.841515381266496831e+00
3.373860293770707841e+00 3.127406740843805544e+00 3.262542058774550391e+00 3.077196910098830784e+00 3.571430531045527879e+00
3.472817549682646998e+00 3.216559074859737244e+00 3.216370386466539610e+00 3.092195434380718311e+00 3.755054753951661439e+00
3.791367197731493555e+00 3.229376336805523273e+00 3.369837680041215311e+00 3.698176274000968711e+00 3.698176274000968711e+00
4.947520887352967023e+00 4.553586468945970189e+00 4.513429004356206420e+00 4.699187600471470105e+00 4.587566250826892400e+00
3.632092373707070276e+00 3.222967705832630259e+00 3.222873361636031220e+00 3.231016557210966589e+00 3.717135767317865991e+00
3.311179457394552550e+00 3.237988311477193903e+00 3.087424578208886938e+00 3.170071172845032148e+00 3.850861824764435504e+00
3.654875814969889447e+00 3.508868702425944619e+00 3.138610122314472228e+00 3.311412098012271876e+00 3.805340424830938151e+00
3.748633559924831715e+00 3.402262310935361356e+00 3.248559379923840584e+00 3.827104547915996413e+00 3.640321348721085926e+00
3.107804358615111617e+00 2.934711974456509775e+00 3.107120668003801711e+00 2.821858353675194664e+00 3.987163291208627225e+00
3.915378585700706182e+00 3.526692747323781241e+00 3.812675209176958901e+00 3.132886671524681255e+00 3.792416307544940857e+00
3.247647990628148129e+00 3.443936462232243922e+00 3.068074872482695170e+00 3.176247273769958746e+00 3.800229827888202294e+00
3.794733292943320624e+00 3.838915508526778098e+00 3.492738900357988729e+00 4.017062191354757061e+00 4.434400784898670622e+00
3.801483409754275122e+00 3.631770164075358576e+00 3.263617840942004023e+00 3.816619113509774230e+00 4.181914185173154053e+00
3.924918632314094324e+00 3.657349719579184644e+00 3.268560333168874621e+00 3.405095275193092963e+00 3.848368669375703099e+00
3.563357570169463528e+00 3.188182345891993119e+00 3.188182345891993119e+00 3.067196567832149778e+00 3.917765980292164940e+00
3.843325884341444620e+00 3.530675414438960047e+00 3.530675414438960047e+00 3.235388629581148034e+00 4.115634713100647879e+00
3.784783670474126005e+00 3.287622277522772585e+00 3.407685829577740577e+00 3.414756459954982670e+00 3.888290358781495648e+00
3.850081128087416094e+00 3.407333618141431320e+00 3.613715834565971008e+00 3.273821565739831740e+00 3.840353333163218252e+00
4.139142261461642214e+00 3.918192076467210683e+00 3.918192076467210683e+00 3.472256628381508836e+00 3.717254414121009987e+00
4.114672976302504281e+00 3.762608880956016755e+00 4.054566952452050010e+00 3.866288829816491912e+00 3.667965541889430359e+00
4.134780569686249407e+00 3.514150385301412882e+00 3.887858213682191089e+00 3.793719152364412039e+00 3.503686981429383174e+00
4.148825721526767651e+00 3.719248112215151281e+00 3.882448577618655250e+00 3.780662688868042132e+00 3.271597541977883772e+00
4.396098812851819915e+00 3.931064337355783866e+00 4.012664570057536295e+00 4.123599842836811469e+00 4.080291994973773484e+00
4.040705188605786091e+00 3.232205737655182709e+00 3.693825291303726388e+00 3.693825291303726388e+00 3.918285663279947428e+00
3.986204809025089446e+00 3.364951056566820142e+00 3.595760833391091982e+00 3.386337548201462599e+00 4.188474528551362042e+00
4.072364110724592479e+00 3.401653135956366647e+00 3.517058024368502789e+00 3.279626207473144817e+00 3.996072529401149431e+00
3.703532598284014377e+00 3.651635778092652274e+00 3.709338222298720567e+00 3.600247092186326547e+00 4.244229648607062089e+00
3.185187255074062307e+00 3.471682451992228025e+00 3.425305727876877704e+00 3.398876691582960241e+00 3.975422487810898353e+00
3.562809219554604834e+00 4.093194434502658297e+00 4.151598049107168009e+00 4.035709349540177016e+00 3.572458943764534212e+00
3.322259479133017113e+00 3.527677919886256674e+00 3.588941799000750166e+00 3.588941799000750166e+00 4.074628134805065471e+00
3.457255037324947100e+00 3.698956353927205676e+00 3.603095254896022670e+00 3.776352184999279160e+00 3.841999217239777664e+00
3.529735247898129202e+00 3.529735247898129202e+00 3.258019196911015047e+00 3.613617586480899924e+00 3.453854852649402396e+00
3.856855092672766272e+00 3.250723068580190223e+00 3.234916399533900311e+00 3.478642504705643734e+00 3.549174363478895700e+00
4.187955123243356503e+00 3.766123275157835071e+00 3.333658550944360144e+00 3.496989344712316594e+00 3.774700682410018882e+00
3.983602419901840719e+00 3.203058160372425078e+00 2.958793787944657527e+00 3.388492795310630523e+00 3.729200559166026441e+00
3.375445652955453735e+00 3.191738327065449354e+00 2.943090719030038827e+00 3.318662552394603615e+00 4.066429122248310435e+00
3.908991989109964482e+00 3.427961412159705290e+00 3.122394785094199321e+00 3.275508930790856255e+00 3.878825846432286895e+00
4.414058461710500758e+00 3.974500179340457962e+00 3.974500179340457962e+00 3.466468374403928188e+00 3.959417108001619390e+00
4.646384907429180977e+00 4.108394730588512900e+00 4.177451650227538948e+00 3.773279937567615594e+00 4.282883136507512845e+00
4.796952897391074444e+00 4.330990599767241989e+00 4.345440327291872684e+00 4.143354470961910785e+00 4.523212329268624821e+00
4.275104954901757459e+00 3.070321307231835384e+00 3.833832472908689226e+00 3.833832472908689226e+00 4.023761402062046244e+00
3.742013242644952165e+00 2.861133092342371675e+00 3.220361458709467328e+00 3.602117041547894694e+00 3.925851912387664289e+00
2.328027561207952623e+00 2.573324390312256682e+00 2.755380011710890642e+00 2.644193051313727061e+00 3.457035685849349171e+00
3.035020401926452394e+00 2.717228741327314179e+00 2.753568718455662978e+00 3.338698572279408250e+00 3.661668213261635607e+00
4.134668100683413172e+00 3.115223452789358305e+00 3.656532996178341044e+00 3.656532996178341044e+00 3.891900329082499610e+00
3.890388820266258207e+00 2.883181556129574830e+00 3.401408617388004707e+00 3.586332630684843092e+00 3.422026625039078951e+00
3.862311177510833193e+00 3.146833026921707521e+00 3.405946557550922460e+00 3.723165630689392103e+00 2.965505980295333188e+00
3.004799167606935661e+00 3.059380155757690289e+00 2.673423722610080766e+00 3.449228702858425422e+00 3.092039950315147223e+00
2.880332716916811808e+00 3.557052456141198693e+00 2.962250075872783661e+00 3.171794477754771080e+00 3.171794477754771080e+00
3.308364049737598123e+00 3.311515936613580458e+00 2.669474032176823552e+00 2.900904969740338402e+00 3.655755425876992870e+00
2.759162449172123388e+00 3.679345695314394149e+00 2.770730577647074533e+00 2.769991313390804955e+00 3.591595303701362596e+00
