1.600000000000000000e+01 1.800000000000000000e+01 1.005199394293023601e-01 2.000000000000000000e+00
1.000000000000000000e+02 1.370000000000000000e+02 1.175262631700349780e-01 2.000000000000000000e+00
1.090000000000000000e+02 1.480000000000000000e+02 1.205476428077486006e-01 2.000000000000000000e+00
1.350000000000000000e+02 1.360000000000000000e+02 1.216983406707640575e-01 2.000000000000000000e+00
1.080000000000000000e+02 1.530000000000000000e+02 1.269259030705163771e-01 3.000000000000000000e+00
6.000000000000000000e+00 3.200000000000000000e+01 1.282806576137110466e-01 2.000000000000000000e+00
4.300000000000000000e+01 1.160000000000000000e+02 1.328813387617156228e-01 2.000000000000000000e+00
4.100000000000000000e+01 1.520000000000000000e+02 1.365905186448104491e-01 3.000000000000000000e+00
9.800000000000000000e+01 1.230000000000000000e+02 1.438382320855496332e-01 2.000000000000000000e+00
6.000000000000000000e+01 1.060000000000000000e+02 1.455617426571955142e-01 2.000000000000000000e+00
1.440000000000000000e+02 1.590000000000000000e+02 1.475040916209190422e-01 4.000000000000000000e+00
2.800000000000000000e+01 1.450000000000000000e+02 1.508298146648756610e-01 2.000000000000000000e+00
6.400000000000000000e+01 7.500000000000000000e+01 1.557127133398319430e-01 2.000000000000000000e+00
9.200000000000000000e+01 9.500000000000000000e+01 1.619581878614927972e-01 2.000000000000000000e+00
5.400000000000000000e+01 1.130000000000000000e+02 1.673686480336417925e-01 2.000000000000000000e+00
1.000000000000000000e+00 1.490000000000000000e+02 1.684934651520262616e-01 2.000000000000000000e+00
4.400000000000000000e+01 1.540000000000000000e+02 1.691488700543357648e-01 3.000000000000000000e+00
3.800000000000000000e+01 1.630000000000000000e+02 1.712067178140414536e-01 3.000000000000000000e+00
3.000000000000000000e+00 7.000000000000000000e+00 1.787216614161600825e-01 2.000000000000000000e+00
1.470000000000000000e+02 1.680000000000000000e+02 1.802242586114153056e-01 4.000000000000000000e+00
1.300000000000000000e+01 1.310000000000000000e+02 1.817657890272943999e-01 2.000000000000000000e+00
6.500000000000000000e+01 1.510000000000000000e+02 1.866240424323022118e-01 2.000000000000000000e+00
4.900000000000000000e+01 1.570000000000000000e+02 1.870559259441266775e-01 3.000000000000000000e+00
6.600000000000000000e+01 1.740000000000000000e+02 1.915580415217688903e-01 4.000000000000000000e+00
8.000000000000000000e+01 1.640000000000000000e+02 1.919151966671849008e-01 3.000000000000000000e+00
6.800000000000000000e+01 1.730000000000000000e+02 1.920401686449104972e-01 3.000000000000000000e+00
5.000000000000000000e+01 7.700000000000000000e+01 1.930956867768665042e-01 2.000000000000000000e+00
1.210000000000000000e+02 1.250000000000000000e+02 1.934383871264548083e-01 2.000000000000000000e+00
7.600000000000000000e+01 1.790000000000000000e+02 1.943517043852233672e-01 3.000000000000000000e+00
3.100000000000000000e+01 8.900000000000000000e+01 1.952627521805872512e-01 2.000000000000000000e+00
6.300000000000000000e+01 1.700000000000000000e+02 1.959223903399413269e-01 3.000000000000000000e+00
2.900000000000000000e+01 1.720000000000000000e+02 1.965934491222817715e-01 3.000000000000000000e+00
1.560000000000000000e+02 1.710000000000000000e+02 1.970461570862828138e-01 7.000000000000000000e+00
3.600000000000000000e+01 1.840000000000000000e+02 1.992992969531801606e-01 8.000000000000000000e+00
1.690000000000000000e+02 1.830000000000000000e+02 2.010242860840571466e-01 6.000000000000000000e+00
8.400000000000000000e+01 1.760000000000000000e+02 2.013953901387417200e-01 4.000000000000000000e+00
7.000000000000000000e+01 1.300000000000000000e+02 2.022064373243799840e-01 2.000000000000000000e+00
4.700000000000000000e+01 1.650000000000000000e+02 2.067941796755781714e-01 3.000000000000000000e+00
8.500000000000000000e+01 1.660000000000000000e+02 2.119919474388314573e-01 3.000000000000000000e+00
1.870000000000000000e+02 1.900000000000000000e+02 2.129281017737066350e-01 7.000000000000000000e+00
8.800000000000000000e+01 1.820000000000000000e+02 2.157189786838820678e-01 4.000000000000000000e+00
6.200000000000000000e+01 1.910000000000000000e+02 2.176471278771522355e-01 8.000000000000000000e+00
1.010000000000000000e+02 1.190000000000000000e+02 2.181763623774176930e-01 2.000000000000000000e+00
5.100000000000000000e+01 1.930000000000000000e+02 2.183163092500588209e-01 9.000000000000000000e+00
3.700000000000000000e+01 1.860000000000000000e+02 2.190270501083909638e-01 7.000000000000000000e+00
1.460000000000000000e+02 1.620000000000000000e+02 2.198420184987228132e-01 5.000000000000000000e+00
1.890000000000000000e+02 1.960000000000000000e+02 2.212903101969051489e-01 1.000000000000000000e+01
4.800000000000000000e+01 1.610000000000000000e+02 2.253802025608778736e-01 3.000000000000000000e+00
1.750000000000000000e+02 1.980000000000000000e+02 2.264330665732002257e-01 1.400000000000000000e+01
4.500000000000000000e+01 1.940000000000000000e+02 2.285097270626441079e-01 3.000000000000000000e+00
1.270000000000000000e+02 1.420000000000000000e+02 2.288053662551683132e-01 2.000000000000000000e+00
1.400000000000000000e+01 2.000000000000000000e+02 2.301774751216677795e-01 1.500000000000000000e+01
1.580000000000000000e+02 2.030000000000000000e+02 2.304024442820431784e-01 1.700000000000000000e+01
6.100000000000000000e+01 1.780000000000000000e+02 2.304955877644967455e-01 3.000000000000000000e+00
1.500000000000000000e+01 2.200000000000000000e+01 2.342057035553174738e-01 2.000000000000000000e+00
1.850000000000000000e+02 1.970000000000000000e+02 2.370546185002506967e-01 1.300000000000000000e+01
9.000000000000000000e+01 1.410000000000000000e+02 2.409185935514077392e-01 2.000000000000000000e+00
9.900000000000000000e+01 1.040000000000000000e+02 2.441029844729084297e-01 2.000000000000000000e+00
1.240000000000000000e+02 1.340000000000000000e+02 2.471222531952045054e-01 2.000000000000000000e+00
7.300000000000000000e+01 1.990000000000000000e+02 2.487578350286379636e-01 4.000000000000000000e+00
1.920000000000000000e+02 2.070000000000000000e+02 2.488577358717315446e-01 1.700000000000000000e+01
5.900000000000000000e+01 2.060000000000000000e+02 2.513841750943931475e-01 3.000000000000000000e+00
2.120000000000000000e+02 2.130000000000000000e+02 2.513935648397694900e-01 2.000000000000000000e+01
1.810000000000000000e+02 2.140000000000000000e+02 2.521067681144115724e-01 2.200000000000000000e+01
2.000000000000000000e+01 2.150000000000000000e+02 2.531333480342852216e-01 2.300000000000000000e+01
2.100000000000000000e+01 2.160000000000000000e+02 2.531481799136414135e-01 2.400000000000000000e+01
8.600000000000000000e+01 1.950000000000000000e+02 2.541147613523290216e-01 1.000000000000000000e+01
0.000000000000000000e+00 2.080000000000000000e+02 2.542192081481373656e-01 3.000000000000000000e+00
2.010000000000000000e+02 2.090000000000000000e+02 2.550374513111476338e-01 5.000000000000000000e+00
1.050000000000000000e+02 2.190000000000000000e+02 2.553341505015674362e-01 4.000000000000000000e+00
7.200000000000000000e+01 2.180000000000000000e+02 2.593272249910293925e-01 1.100000000000000000e+01
2.040000000000000000e+02 2.110000000000000000e+02 2.602093764170286816e-01 2.100000000000000000e+01
1.430000000000000000e+02 2.230000000000000000e+02 2.606713468867948857e-01 2.200000000000000000e+01
8.300000000000000000e+01 2.100000000000000000e+02 2.632377869178448848e-01 3.000000000000000000e+00
5.800000000000000000e+01 2.200000000000000000e+02 2.634149360675558382e-01 6.000000000000000000e+00
2.170000000000000000e+02 2.240000000000000000e+02 2.636191738845949373e-01 4.600000000000000000e+01
2.500000000000000000e+01 2.270000000000000000e+02 2.648966265839212131e-01 4.700000000000000000e+01
1.770000000000000000e+02 2.280000000000000000e+02 2.664264449706132409e-01 5.000000000000000000e+01
8.700000000000000000e+01 2.290000000000000000e+02 2.666066306255380214e-01 5.100000000000000000e+01
1.670000000000000000e+02 2.300000000000000000e+02 2.668266797963525505e-01 5.300000000000000000e+01
6.700000000000000000e+01 2.310000000000000000e+02 2.684951537909292529e-01 5.400000000000000000e+01
9.700000000000000000e+01 2.320000000000000000e+02 2.734165786662940412e-01 5.500000000000000000e+01
8.200000000000000000e+01 2.220000000000000000e+02 2.769340060539949300e-01 1.200000000000000000e+01
5.700000000000000000e+01 2.330000000000000000e+02 2.800170481765275610e-01 5.600000000000000000e+01
2.260000000000000000e+02 2.350000000000000000e+02 2.809921163774657393e-01 6.200000000000000000e+01
1.900000000000000000e+01 2.360000000000000000e+02 2.823608140059782889e-01 6.300000000000000000e+01
1.600000000000000000e+02 1.880000000000000000e+02 2.830507630919491535e-01 4.000000000000000000e+00
5.000000000000000000e+00 2.370000000000000000e+02 2.887943145950407353e-01 6.400000000000000000e+01
2.400000000000000000e+01 1.180000000000000000e+02 2.897992986058617881e-01 2.000000000000000000e+00
3.500000000000000000e+01 2.250000000000000000e+02 2.901342383099663191e-01 4.000000000000000000e+00
2.340000000000000000e+02 2.390000000000000000e+02 2.936639366095276649e-01 7.600000000000000000e+01
4.200000000000000000e+01 2.420000000000000000e+02 2.937738865494852747e-01 7.700000000000000000e+01
3.300000000000000000e+01 2.430000000000000000e+02 2.944565797736483637e-01 7.800000000000000000e+01
1.170000000000000000e+02 2.440000000000000000e+02 2.950208642841999351e-01 7.900000000000000000e+01
2.210000000000000000e+02 2.450000000000000000e+02 2.976891688215062559e-01 8.300000000000000000e+01
9.400000000000000000e+01 2.460000000000000000e+02 2.987050801474318562e-01 8.400000000000000000e+01
2.380000000000000000e+02 2.470000000000000000e+02 2.991315213910048509e-01 8.800000000000000000e+01
1.120000000000000000e+02 2.480000000000000000e+02 3.008868047550334324e-01 8.900000000000000000e+01
7.900000000000000000e+01 2.490000000000000000e+02 3.017728002064870019e-01 9.000000000000000000e+01
1.550000000000000000e+02 2.500000000000000000e+02 3.036885427541153870e-01 9.200000000000000000e+01
2.000000000000000000e+00 1.260000000000000000e+02 3.062527133836744353e-01 2.000000000000000000e+00
2.410000000000000000e+02 2.520000000000000000e+02 3.072914808471882697e-01 6.000000000000000000e+00
2.020000000000000000e+02 2.510000000000000000e+02 3.101182015744935461e-01 9.400000000000000000e+01
5.600000000000000000e+01 1.110000000000000000e+02 3.106424575961876933e-01 2.000000000000000000e+00
2.530000000000000000e+02 2.540000000000000000e+02 3.165237933373872825e-01 1.000000000000000000e+02
2.050000000000000000e+02 2.560000000000000000e+02 3.171828981352831089e-01 1.030000000000000000e+02
9.300000000000000000e+01 2.570000000000000000e+02 3.186194772957338661e-01 1.040000000000000000e+02
5.500000000000000000e+01 2.580000000000000000e+02 3.189727269035100843e-01 1.050000000000000000e+02
7.800000000000000000e+01 1.800000000000000000e+02 3.249495557421145375e-01 4.000000000000000000e+00
1.100000000000000000e+01 1.200000000000000000e+01 3.303319247087238564e-01 2.000000000000000000e+00
1.070000000000000000e+02 2.590000000000000000e+02 3.366755662562606610e-01 1.060000000000000000e+02
1.100000000000000000e+02 2.620000000000000000e+02 3.387253396653966964e-01 1.070000000000000000e+02
3.900000000000000000e+01 2.630000000000000000e+02 3.450079317345889351e-01 1.080000000000000000e+02
4.600000000000000000e+01 2.640000000000000000e+02 3.467997667130252037e-01 1.090000000000000000e+02
2.600000000000000000e+02 2.650000000000000000e+02 3.468322765467115043e-01 1.130000000000000000e+02
5.200000000000000000e+01 2.660000000000000000e+02 3.478638729189680312e-01 1.140000000000000000e+02
1.330000000000000000e+02 2.670000000000000000e+02 3.527483412106231508e-01 1.150000000000000000e+02
2.610000000000000000e+02 2.680000000000000000e+02 3.562472993640672936e-01 1.170000000000000000e+02
1.030000000000000000e+02 2.690000000000000000e+02 3.585473114091470292e-01 1.180000000000000000e+02
1.700000000000000000e+01 2.700000000000000000e+02 3.689960542642709562e-01 1.190000000000000000e+02
1.020000000000000000e+02 2.710000000000000000e+02 3.767905646225058747e-01 1.200000000000000000e+02
9.100000000000000000e+01 2.720000000000000000e+02 3.807100847937517352e-01 1.210000000000000000e+02
2.600000000000000000e+01 2.730000000000000000e+02 3.851223259885049877e-01 1.220000000000000000e+02
1.320000000000000000e+02 2.740000000000000000e+02 3.890144083427337085e-01 1.230000000000000000e+02
1.220000000000000000e+02 2.750000000000000000e+02 3.919089648869036879e-01 1.240000000000000000e+02
3.000000000000000000e+01 2.760000000000000000e+02 3.925978321788690106e-01 1.250000000000000000e+02
2.700000000000000000e+01 2.770000000000000000e+02 3.991987620371107992e-01 1.260000000000000000e+02
1.140000000000000000e+02 2.780000000000000000e+02 4.035278510752779435e-01 1.270000000000000000e+02
2.400000000000000000e+02 2.790000000000000000e+02 4.045090436432769998e-01 1.290000000000000000e+02
6.900000000000000000e+01 2.800000000000000000e+02 4.052036852319301774e-01 1.300000000000000000e+02
9.600000000000000000e+01 2.810000000000000000e+02 4.112461514280313368e-01 1.310000000000000000e+02
1.380000000000000000e+02 2.820000000000000000e+02 4.179409993483052532e-01 1.320000000000000000e+02
4.000000000000000000e+01 2.830000000000000000e+02 4.279268196620802378e-01 1.330000000000000000e+02
4.000000000000000000e+00 2.840000000000000000e+02 4.455574790622582881e-01 1.340000000000000000e+02
8.000000000000000000e+00 2.850000000000000000e+02 4.536803361712475335e-01 1.350000000000000000e+02
7.400000000000000000e+01 2.860000000000000000e+02 4.555944128616015720e-01 1.360000000000000000e+02
1.400000000000000000e+02 2.870000000000000000e+02 4.706883228337060410e-01 1.370000000000000000e+02
1.500000000000000000e+02 2.880000000000000000e+02 4.889560247234122081e-01 1.380000000000000000e+02
1.000000000000000000e+01 2.890000000000000000e+02 4.893250463802813477e-01 1.390000000000000000e+02
2.550000000000000000e+02 2.900000000000000000e+02 4.945850574837258873e-01 1.410000000000000000e+02
1.200000000000000000e+02 2.910000000000000000e+02 4.961126553461362443e-01 1.420000000000000000e+02
7.100000000000000000e+01 2.920000000000000000e+02 5.071946938434296337e-01 1.430000000000000000e+02
1.280000000000000000e+02 1.290000000000000000e+02 5.206552585188435334e-01 2.000000000000000000e+00
2.930000000000000000e+02 2.940000000000000000e+02 5.330679627071516213e-01 1.450000000000000000e+02
1.150000000000000000e+02 2.950000000000000000e+02 5.710407165639374005e-01 1.460000000000000000e+02
9.000000000000000000e+00 2.960000000000000000e+02 5.891525375037440782e-01 1.470000000000000000e+02
2.300000000000000000e+01 2.970000000000000000e+02 6.169394857940934118e-01 1.480000000000000000e+02
1.390000000000000000e+02 2.980000000000000000e+02 6.341860224027466852e-01 1.490000000000000000e+02
3.400000000000000000e+01 2.990000000000000000e+02 7.260201478875681902e-01 1.500000000000000000e+02
8.100000000000000000e+01 3.000000000000000000e+02 7.550988574037187373e-01 1.510000000000000000e+02
5.300000000000000000e+01 3.010000000000000000e+02 9.108136706190145260e-01 1.520000000000000000e+02
